  65
  401   1929.3708    0.14811E-25
  402   1927.6963    0.14825E-25
  403   1929.3708    0.14811E-25
  404   1927.6967    0.14825E-25
  405   1822.4043    0.30554E-25
  406   1668.8148    0.16402E-25
  407   1929.3708    0.14811E-25
  408   1927.6963    0.14825E-25
  409   1929.3708    0.14811E-25
  410   1927.6967    0.14825E-25
  411   1822.4043    0.30554E-25
  412   1668.8148    0.16402E-25
  413   1833.0752    0.37046E-25
  414   1841.5226    0.30887E-25
  415   1833.0752    0.37046E-25
  416   1841.5231    0.30887E-25
  417   1853.7018    0.11863E-25
  418   1867.7129    0.11564E-25
  419   1833.0752    0.37046E-25
  420   1841.5226    0.30887E-25
  421   1833.0752    0.37046E-25
  422   1841.5231    0.30887E-25
  423   1853.7018    0.11863E-25
  424   1867.7129    0.11564E-25
  425    638.1721    0.36444E-24
  426    629.2022    0.38156E-24
  427    638.1721    0.36444E-24
  428    629.2022    0.38156E-24
  429    312.3575    0.38484E-23
  430    625.6253    0.35158E-24
  431    638.1721    0.36444E-24
  432    629.2022    0.38156E-24
  433    638.1721    0.36444E-24
  434    629.2022    0.38156E-24
  435    312.3575    0.38484E-23
  436    625.6253    0.35158E-24
  437    312.0981    0.38741E-23
  438      0.0000    0.10000E+31
  439    312.0981    0.38741E-23
  440      0.0000    0.10000E+31
  441    635.3582    0.33176E-24
  442      0.0000    0.10000E+31
  443    312.0981    0.38741E-23
  444      0.0000    0.10000E+31
  445    312.0981    0.38741E-23
  446      0.0000    0.10000E+31
  447    635.3582    0.33176E-24
  448      0.0000    0.10000E+31
  449   1422.4153    0.19169E-22
  450    255.8095    0.13936E-04
  451    490.0376    0.17021E-22
  452   -708.5155    0.21124E-24
  453    723.1862    0.18097E-24
  454    490.5278    0.19238E-22
  455    723.3861    0.19828E-24
  456    490.5278    0.19238E-22
  457    723.3861    0.19828E-24
  203    117.3246    0.15003E-21
  204    930.1309    0.19761E-24
  205    923.9611    0.19483E-24
  206    933.5612    0.21888E-24
  207    933.5612    0.21888E-24
  458      0.0000    0.10000E+31
    6    175.0000    0.54146E-24
   12    175.0000    0.54146E-24
   7
   401  0.66364002E-02     0   450     1     0     0     0
   401  0.14748786E+00     0   451     1     0     0     0
   401  0.29280959E-03     0   452     1     0     0     0
   401  0.96626822E-02     0   453     1     0     0     0
   401  0.52031666E+00     0   449     1     0     0     0
   401  0.29305148E+00     0   456     2     0     0     0
   401  0.22552002E-01     0   457     2     0     0     0
   7
   402  0.51750513E-02     0   450     2     0     0     0
   402  0.15092790E+00     0   451     2     0     0     0
   402  0.17197939E-03     0   452     2     0     0     0
   402  0.79736849E-02     0   453     2     0     0     0
   402  0.51825482E+00     0   449     2     0     0     0
   402  0.30549046E+00     0   454     1     0     0     0
   402  0.12006117E-01     0   455     1     0     0     0
   7
   403  0.66364030E-02     0   450     3     0     0     0
   403  0.14748792E+00     0   451     3     0     0     0
   403  0.29280974E-03     0   452     3     0     0     0
   403  0.96626859E-02     0   453     3     0     0     0
   403  0.52031690E+00     0   449     3     0     0     0
   403  0.29305127E+00     0   456     4     0     0     0
   403  0.22551982E-01     0   457     4     0     0     0
   7
   404  0.51750587E-02     0   450     4     0     0     0
   404  0.15092807E+00     0   451     4     0     0     0
   404  0.17197958E-03     0   452     4     0     0     0
   404  0.79736933E-02     0   453     4     0     0     0
   404  0.51825392E+00     0   449     4     0     0     0
   404  0.30549115E+00     0   454     3     0     0     0
   404  0.12006147E-01     0   455     3     0     0     0
   8
   405  0.46689611E-01     0   450     5     0     0     0
   405  0.34362160E-01     0   451     5     0     0     0
   405  0.20748340E-01     0   452     5     0     0     0
   405  0.11409940E-01     0   453     5     0     0     0
   405  0.75125277E+00     0   449     5     0     0     0
   405  0.67802444E-01     0   456     6     0     0     0
   405  0.67616440E-01     0   457     6     0     0     0
   405  0.11837536E-03     0   199   406     0     0     0
   7
   406  0.13249731E+00     0   449     6     0     0     0
   406  0.87476842E-01     0   450     6     0     0     0
   406  0.16202707E-01     0   451     6     0     0     0
   406  0.19623990E+00     0   452     6     0     0     0
   406  0.17285755E+00     0   453     6     0     0     0
   406  0.32291938E-01     0   454     5     0     0     0
   406  0.36243370E+00     0   455     5     0     0     0
   7
   407  0.66364002E-02     0   450     7     0     0     0
   407  0.14748786E+00     0   451     7     0     0     0
   407  0.29280959E-03     0   452     7     0     0     0
   407  0.96626822E-02     0   453     7     0     0     0
   407  0.52031666E+00     0   449     7     0     0     0
   407  0.29305148E+00     0   454     8     0     0     0
   407  0.22552002E-01     0   455     8     0     0     0
   7
   408  0.51750513E-02     0   450     8     0     0     0
   408  0.15092790E+00     0   451     8     0     0     0
   408  0.17197939E-03     0   452     8     0     0     0
   408  0.79736849E-02     0   453     8     0     0     0
   408  0.51825482E+00     0   449     8     0     0     0
   408  0.30549046E+00     0   456     7     0     0     0
   408  0.12006117E-01     0   457     7     0     0     0
   7
   409  0.66364030E-02     0   450     9     0     0     0
   409  0.14748792E+00     0   451     9     0     0     0
   409  0.29280974E-03     0   452     9     0     0     0
   409  0.96626859E-02     0   453     9     0     0     0
   409  0.52031690E+00     0   449     9     0     0     0
   409  0.29305127E+00     0   454    10     0     0     0
   409  0.22551982E-01     0   455    10     0     0     0
   7
   410  0.51750587E-02     0   450    10     0     0     0
   410  0.15092807E+00     0   451    10     0     0     0
   410  0.17197958E-03     0   452    10     0     0     0
   410  0.79736933E-02     0   453    10     0     0     0
   410  0.51825392E+00     0   449    10     0     0     0
   410  0.30549115E+00     0   456     9     0     0     0
   410  0.12006147E-01     0   457     9     0     0     0
   8
   411  0.46689611E-01     0   450    11     0     0     0
   411  0.34362160E-01     0   451    11     0     0     0
   411  0.20748340E-01     0   452    11     0     0     0
   411  0.11409940E-01     0   453    11     0     0     0
   411  0.75125277E+00     0   449    11     0     0     0
   411  0.67802444E-01     0   454    12     0     0     0
   411  0.67616440E-01     0   455    12     0     0     0
   411  0.11837536E-03     0   198   412     0     0     0
   7
   412  0.13249731E+00     0   449    12     0     0     0
   412  0.87476842E-01     0   450    12     0     0     0
   412  0.16202707E-01     0   451    12     0     0     0
   412  0.19623990E+00     0   452    12     0     0     0
   412  0.17285755E+00     0   453    12     0     0     0
   412  0.32291938E-01     0   456    11     0     0     0
   412  0.36243370E+00     0   457    11     0     0     0
   5
   413  0.55706393E-01     0   450     1     0     0     0
   413  0.47033060E-04     0   451     1     0     0     0
   413  0.36656824E-04     0   452     1     0     0     0
   413  0.18502632E-03     0   453     1     0     0     0
   413  0.94402492E+00     0   449     1     0     0     0
   5
   414  0.18670236E+00     0   450     2     0     0     0
   414  0.15779813E-03     0   451     2     0     0     0
   414  0.12320746E-03     0   452     2     0     0     0
   414  0.62199193E-03     0   453     2     0     0     0
   414  0.81239468E+00     0   449     2     0     0     0
   5
   415  0.55706393E-01     0   450     3     0     0     0
   415  0.47033060E-04     0   451     3     0     0     0
   415  0.36656824E-04     0   452     3     0     0     0
   415  0.18502632E-03     0   453     3     0     0     0
   415  0.94402492E+00     0   449     3     0     0     0
   5
   416  0.18670291E+00     0   450     4     0     0     0
   416  0.15779857E-03     0   451     4     0     0     0
   416  0.12320778E-03     0   452     4     0     0     0
   416  0.62199356E-03     0   453     4     0     0     0
   416  0.81239402E+00     0   449     4     0     0     0
   8
   417  0.49333358E-02     0   450     5     0     0     0
   417  0.10041898E+00     0   451     5     0     0     0
   417  0.10199586E-01     0   452     5     0     0     0
   417  0.19296976E-01     0   453     5     0     0     0
   417  0.32449576E+00     0   449     5     0     0     0
   417  0.20424889E+00     0   456     6     0     0     0
   417  0.33513397E+00     0   457     6     0     0     0
   417  0.12724145E-02     0   199   406     0     0     0
   9
   418  0.28763074E+00     0   449     6     0     0     0
   418  0.22198714E+00     0   454     5     0     0     0
   418  0.32922179E-01     0   455     5     0     0     0
   418  0.79517538E-03     0   200   406     0     0     0
   418  0.28331613E-02     0   203   406     0     0     0
   418  0.39930949E-02     0   450     6     0     0     0
   418  0.11236987E+00     0   451     6     0     0     0
   418  0.16493580E+00     0   452     6     0     0     0
   418  0.17253278E+00     0   453     6     0     0     0
   5
   419  0.55706393E-01     0   450     7     0     0     0
   419  0.47033060E-04     0   451     7     0     0     0
   419  0.36656824E-04     0   452     7     0     0     0
   419  0.18502632E-03     0   453     7     0     0     0
   419  0.94402492E+00     0   449     7     0     0     0
   5
   420  0.18670236E+00     0   450     8     0     0     0
   420  0.15779813E-03     0   451     8     0     0     0
   420  0.12320746E-03     0   452     8     0     0     0
   420  0.62199193E-03     0   453     8     0     0     0
   420  0.81239468E+00     0   449     8     0     0     0
   5
   421  0.55706393E-01     0   450     9     0     0     0
   421  0.47033060E-04     0   451     9     0     0     0
   421  0.36656824E-04     0   452     9     0     0     0
   421  0.18502632E-03     0   453     9     0     0     0
   421  0.94402492E+00     0   449     9     0     0     0
   5
   422  0.18670291E+00     0   450    10     0     0     0
   422  0.15779857E-03     0   451    10     0     0     0
   422  0.12320778E-03     0   452    10     0     0     0
   422  0.62199356E-03     0   453    10     0     0     0
   422  0.81239402E+00     0   449    10     0     0     0
   8
   423  0.49333358E-02     0   450    11     0     0     0
   423  0.10041898E+00     0   451    11     0     0     0
   423  0.10199586E-01     0   452    11     0     0     0
   423  0.19296976E-01     0   453    11     0     0     0
   423  0.32449576E+00     0   449    11     0     0     0
   423  0.20424889E+00     0   454    12     0     0     0
   423  0.33513397E+00     0   455    12     0     0     0
   423  0.12724145E-02     0   198   412     0     0     0
   9
   424  0.28763074E+00     0   449    12     0     0     0
   424  0.22198714E+00     0   456    11     0     0     0
   424  0.32922179E-01     0   457    11     0     0     0
   424  0.79517538E-03     0   200   412     0     0     0
   424  0.28331613E-02     0   203   412     0     0     0
   424  0.39930949E-02     0   450    12     0     0     0
   424  0.11236987E+00     0   451    12     0     0     0
   424  0.16493580E+00     0   452    12     0     0     0
   424  0.17253278E+00     0   453    12     0     0     0
   3
   425  0.30164880E+00     0   450   121     0     0     0
   425  0.24189793E+00     0   451   121     0     0     0
   425  0.45645323E+00     0   456   122     0     0     0
   3
   426  0.33455700E+00     0   450   122     0     0     0
   426  0.21408379E+00     0   451   122     0     0     0
   426  0.45135924E+00     0   454   121     0     0     0
   3
   427  0.30164886E+00     0   450   123     0     0     0
   427  0.24189788E+00     0   451   123     0     0     0
   427  0.45645329E+00     0   456   124     0     0     0
   3
   428  0.33455706E+00     0   450   124     0     0     0
   428  0.21408382E+00     0   451   124     0     0     0
   428  0.45135912E+00     0   454   123     0     0     0
   1
   429  0.10000000E+01     0   450   125     0     0     0
   4
   430  0.30512568E+00     0   450   126     0     0     0
   430  0.18926641E+00     0   451   126     0     0     0
   430  0.40026850E+00     0   454   125     0     0     0
   430  0.10533942E+00     0   198   429     0     0     0
   3
   431  0.30164880E+00     0   450   127     0     0     0
   431  0.24189793E+00     0   451   127     0     0     0
   431  0.45645323E+00     0   454   128     0     0     0
   3
   432  0.33455700E+00     0   450   128     0     0     0
   432  0.21408379E+00     0   451   128     0     0     0
   432  0.45135924E+00     0   456   127     0     0     0
   3
   433  0.30164886E+00     0   450   129     0     0     0
   433  0.24189788E+00     0   451   129     0     0     0
   433  0.45645329E+00     0   454   130     0     0     0
   3
   434  0.33455706E+00     0   450   130     0     0     0
   434  0.21408382E+00     0   451   130     0     0     0
   434  0.45135912E+00     0   456   129     0     0     0
   1
   435  0.10000000E+01     0   450   131     0     0     0
   4
   436  0.30512568E+00     0   450   132     0     0     0
   436  0.18926641E+00     0   451   132     0     0     0
   436  0.40026850E+00     0   456   131     0     0     0
   436  0.10533942E+00     0   199   435     0     0     0
   1
   437  0.10000000E+01     0   450   121     0     0     0
   0
   1
   439  0.10000000E+01     0   450   123     0     0     0
   0
   5
   441  0.27426305E+00     0   450   125     0     0     0
   441  0.21203117E+00     0   451   125     0     0     0
   441  0.39850205E+00     0   456   126     0     0     0
   441  0.52833531E-01     0   200   429     0     0     0
   441  0.62370144E-01     0   203   429     0     0     0
   0
   1
   443  0.10000000E+01     0   450   127     0     0     0
   0
   1
   445  0.10000000E+01     0   450   129     0     0     0
   0
   5
   447  0.27426305E+00     0   450   131     0     0     0
   447  0.21203117E+00     0   451   131     0     0     0
   447  0.39850205E+00     0   454   132     0     0     0
   447  0.52833531E-01     0   200   435     0     0     0
   447  0.62370144E-01     0   203   435     0     0     0
   0
  39
   449  0.64700216E-01     0   454     1     8     0     0
   449  0.64700216E-01     0   456     2     7     0     0
   449  0.64700171E-01     0   454     3    10     0     0
   449  0.64700171E-01     0   456     4     9     0     0
   449  0.56717210E-01     0   454     5    12     0     0
   449  0.56717210E-01     0   456     6    11     0     0
   449  0.18655335E-02     0   455     1     8     0     0
   449  0.18655335E-02     0   457     2     7     0     0
   449  0.18655327E-02     0   455     3    10     0     0
   449  0.18655327E-02     0   457     4     9     0     0
   449  0.77875040E-01     0   455     5    12     0     0
   449  0.77875040E-01     0   457     6    11     0     0
   449  0.38346455E-01     0   450     2     8     0     0
   449  0.11439711E-01     0   450     1     7     0     0
   449  0.11439711E-01     0   450     3     9     0     0
   449  0.38346395E-01     0   450     4    10     0     0
   449  0.12371917E-01     0   450     5    11     0     0
   449  0.43557417E-01     0   450     6    12     0     0
   449  0.38426809E-03     0   451    13     0     0     0
   449  0.32769885E-01     0   451     2     8     0     0
   449  0.31844009E-01     0   451     1     7     0     0
   449  0.31844009E-01     0   451     3     9     0     0
   449  0.32769844E-01     0   451     4    10     0     0
   449  0.41201852E-01     0   451     5    11     0     0
   449  0.18061122E-01     0   451     6    12     0     0
   449  0.41705929E-02     0   452    13     0     0     0
   449  0.12446578E-04     0   452     2     8     0     0
   449  0.15098920E-04     0   452     1     7     0     0
   449  0.15098920E-04     0   452     3     9     0     0
   449  0.12446561E-04     0   452     4    10     0     0
   449  0.40276996E-02     0   452     5    11     0     0
   449  0.38213309E-01     0   452     6    12     0     0
   449  0.38319470E-02     0   453    13     0     0     0
   449  0.92410157E-03     0   453     2     8     0     0
   449  0.10686954E-02     0   453     1     7     0     0
   449  0.10686954E-02     0   453     3     9     0     0
   449  0.92410052E-03     0   453     4    10     0     0
   449  0.48432439E-02     0   453     5    11     0     0
   449  0.61048493E-01     0   453     6    12     0     0
   4
   450  0.82817698E+00     0   458    59     0     0     0
   450  0.18018730E-01     0   458   121   127     0     0
   450  0.15367238E+00     0   458   200     0     0     0
   450  0.13189086E-03     0   458   203     0     0     0
  14
   451  0.49688898E-01     0   450   200     0     0     0
   451  0.27948988E-03     0   450   121   127     0     0
   451  0.27948988E-03     0   450   123   129     0     0
   451  0.28499795E-03     0   450   125   131     0     0
   451  0.31049148E-03     0   450   122   128     0     0
   451  0.31049148E-03     0   450   124   130     0     0
   451  0.32238415E-03     0   450   126   132     0     0
   451  0.59086657E+00     0   450   203     0     0     0
   451  0.10652285E-01     0   437   127     0     0     0
   451  0.10652285E-01     0   443   121     0     0     0
   451  0.10652283E-01     0   439   129     0     0     0
   451  0.10652283E-01     0   445   123     0     0     0
   451  0.15752408E+00     0   429   131     0     0     0
   451  0.15752408E+00     0   435   125     0     0     0
  24
   452  0.27591974E+00     0   454   199     0     0     0
   452  0.27591974E+00     0   456   198     0     0     0
   452  0.12256250E+00     0   450   200     0     0     0
   452  0.25999114E+00     0   451   200     0     0     0
   452  0.20810127E-01     0   450   203     0     0     0
   452  0.57031871E-02     0   451   203     0     0     0
   452  0.10368606E-04     0   425   127     0     0     0
   452  0.10368606E-04     0   431   121     0     0     0
   452  0.10368596E-04     0   427   129     0     0     0
   452  0.10368596E-04     0   433   123     0     0     0
   452  0.32639239E-03     0   437   127     0     0     0
   452  0.32639239E-03     0   443   121     0     0     0
   452  0.32639239E-03     0   439   129     0     0     0
   452  0.32639239E-03     0   445   123     0     0     0
   452  0.17563822E-01     0   429   131     0     0     0
   452  0.17563822E-01     0   435   125     0     0     0
   452  0.10944005E-02     0   441   131     0     0     0
   452  0.10944005E-02     0   447   125     0     0     0
   452  0.69624744E-04     0   426   128     0     0     0
   452  0.69624744E-04     0   432   122     0     0     0
   452  0.69624744E-04     0   428   130     0     0     0
   452  0.69624744E-04     0   434   124     0     0     0
   452  0.75640120E-04     0   430   132     0     0     0
   452  0.75640120E-04     0   436   126     0     0     0
  24
   453  0.29410061E+00     0   454   199     0     0     0
   453  0.29410061E+00     0   456   198     0     0     0
   453  0.19101512E-01     0   450   200     0     0     0
   453  0.80387108E-02     0   451   200     0     0     0
   453  0.10173244E+00     0   450   203     0     0     0
   453  0.22780959E+00     0   451   203     0     0     0
   453  0.97962667E-03     0   425   127     0     0     0
   453  0.97962667E-03     0   431   121     0     0     0
   453  0.97962609E-03     0   427   129     0     0     0
   453  0.97962609E-03     0   433   123     0     0     0
   453  0.14904293E-02     0   437   127     0     0     0
   453  0.14904293E-02     0   443   121     0     0     0
   453  0.14904293E-02     0   439   129     0     0     0
   453  0.14904293E-02     0   445   123     0     0     0
   453  0.13852957E-01     0   429   131     0     0     0
   453  0.13852957E-01     0   435   125     0     0     0
   453  0.22926545E-02     0   441   131     0     0     0
   453  0.22926545E-02     0   447   125     0     0     0
   453  0.21070901E-02     0   426   128     0     0     0
   453  0.21070901E-02     0   432   122     0     0     0
   453  0.21070901E-02     0   428   130     0     0     0
   453  0.21070901E-02     0   434   124     0     0     0
   453  0.22585329E-02     0   430   132     0     0     0
   453  0.22585329E-02     0   436   126     0     0     0
   5
   454  0.67839067E-03     0   450   127   122     0     0
   454  0.67839067E-03     0   450   129   124     0     0
   454  0.69882203E-03     0   450   131   126     0     0
   454  0.67030156E+00     0   450   198     0     0     0
   454  0.32764283E+00     0   435   126     0     0     0
  11
   455  0.11748395E+00     0   450   198     0     0     0
   455  0.28727448E+00     0   451   198     0     0     0
   455  0.24188706E-02     0   426   127     0     0     0
   455  0.24188694E-02     0   428   129     0     0     0
   455  0.55473195E-02     0   430   131     0     0     0
   455  0.37670087E-02     0   431   122     0     0     0
   455  0.37670087E-02     0   433   124     0     0     0
   455  0.27407529E-01     0   435   126     0     0     0
   455  0.43615550E-02     0   447   126     0     0     0
   455  0.28019318E+00     0   454   200     0     0     0
   455  0.26536039E+00     0   454   203     0     0     0
   5
   456  0.67839067E-03     0   450   121   128     0     0
   456  0.67839067E-03     0   450   123   130     0     0
   456  0.69882203E-03     0   450   125   132     0     0
   456  0.67030156E+00     0   450   199     0     0     0
   456  0.32764283E+00     0   429   132     0     0     0
  11
   457  0.11748395E+00     0   450   199     0     0     0
   457  0.28727448E+00     0   451   199     0     0     0
   457  0.24188706E-02     0   432   121     0     0     0
   457  0.24188694E-02     0   434   123     0     0     0
   457  0.55473195E-02     0   436   125     0     0     0
   457  0.37670087E-02     0   425   128     0     0     0
   457  0.37670087E-02     0   427   130     0     0     0
   457  0.27407529E-01     0   429   132     0     0     0
   457  0.43615550E-02     0   441   132     0     0     0
   457  0.28019318E+00     0   456   200     0     0     0
   457  0.26536039E+00     0   456   203     0     0     0
  28
   203  0.20153797E-03     0   123   129     0     0     0
   203  0.57644412E-01     0   125   131     0     0     0
   203  0.24199532E-02     0     3     9     0     0     0
   203  0.79106438E+00     0     5    11     0     0     0
   203  0.34233753E-01     0     4    10     0     0     0
   203  0.18376654E-02     0    59    59     0     0     0
   203  0.38548842E-01     0    13    13     0     0     0
   203  0.37955055E-02     0   198   121   128     0     0
   203  0.37955055E-02     0   198   123   130     0     0
   203  0.37955055E-02     0   198   125   132     0     0
   203  0.11386517E-01     0   198     8     1     0     0
   203  0.11386517E-01     0   198    10     3     0     0
   203  0.37955055E-02     0   199   127   122     0     0
   203  0.37955055E-02     0   199   129   124     0     0
   203  0.37955055E-02     0   199   131   126     0     0
   203  0.11386517E-01     0   199     2     7     0     0
   203  0.11386517E-01     0   199     4     9     0     0
   203  0.39192566E-03     0   200   122   128     0     0
   203  0.39192566E-03     0   200   124   130     0     0
   203  0.39192566E-03     0   200   126   132     0     0
   203  0.19725224E-03     0   200   121   127     0     0
   203  0.19725224E-03     0   200   123   129     0     0
   203  0.19725224E-03     0   200   125   131     0     0
   203  0.67576946E-03     0   200     2     8     0     0
   203  0.67576946E-03     0   200     4    10     0     0
   203  0.87055756E-03     0   200     1     7     0     0
   203  0.87055756E-03     0   200     3     9     0     0
   203  0.87055756E-03     0   200     5    11     0     0
  15
   204  0.45072159E-03     0   123   129     0     0     0
   204  0.12909076E+00     0   125   131     0     0     0
   204  0.13085522E-04     0     1     7     0     0     0
   204  0.52872137E-02     0     3     9     0     0     0
   204  0.79822004E+00     0     5    11     0     0     0
   204  0.56169614E-01     0     6    12     0     0     0
   204  0.33878146E-04     0    13    13     0     0     0
   204  0.20643327E-03     0   198   199     0     0     0
   204  0.10461390E-03     0   200   200     0     0     0
   204  0.21078524E-02     0   450   450     0     0     0
   204  0.75571449E-02     0   450   451     0     0     0
   204  0.70127175E-03     0   203   203     0     0     0
   204  0.21473827E-04     0   437   443     0     0     0
   204  0.21446787E-04     0   439   445     0     0     0
   204  0.14378654E-04     0   429   435     0     0     0
  10
   205  0.44153287E-03     0   123   129     0     0     0
   205  0.12646085E+00     0   125   131     0     0     0
   205  0.12819470E-04     0     1     7     0     0     0
   205  0.51797144E-02     0     3     9     0     0     0
   205  0.78203207E+00     0     5    11     0     0     0
   205  0.59690174E-01     0     6    12     0     0     0
   205  0.72170515E-04     0    13    13     0     0     0
   205  0.33000449E-02     0   450   450     0     0     0
   205  0.22615343E-01     0   450   451     0     0     0
   205  0.19523701E-03     0   203   200     0     0     0
   7
   206  0.50118368E-03     0   124   129     0     0     0
   206  0.14354564E+00     0   126   131     0     0     0
   206  0.13366346E-04     0     2     7     0     0     0
   206  0.54018232E-02     0     4     9     0     0     0
   206  0.81769836E+00     0     6    11     0     0     0
   206  0.32614496E-01     0   454   450     0     0     0
   206  0.22517638E-03     0   203   198     0     0     0
   7
   207  0.50118368E-03     0   130   123     0     0     0
   207  0.14354564E+00     0   132   125     0     0     0
   207  0.13366346E-04     0     8     1     0     0     0
   207  0.54018232E-02     0    10     3     0     0     0
   207  0.81769836E+00     0    12     5     0     0     0
   207  0.32614496E-01     0   456   450     0     0     0
   207  0.22517638E-03     0   203   199     0     0     0
   0
   5
     6  0.33333334E+00   100     2     7     5     0     0
     6  0.33333334E+00   100     4     9     5     0     0
     6  0.11111111E+00   100   122   127     5     0     0
     6  0.11111111E+00   100   124   129     5     0     0
     6  0.11111111E+00   100   126   131     5     0     0
   5
    12  0.33333334E+00   100     8     1    11     0     0
    12  0.33333334E+00   100    10     3    11     0     0
    12  0.11111111E+00   100   128   121    11     0     0
    12  0.11111111E+00   100   130   123    11     0     0
    12  0.11111111E+00   100   132   125    11     0     0
     14.99999905     -0.06822542
      0.99686724     -0.01134277      0.07236019     -0.02985012
      0.03058773      0.96592802     -0.20733322      0.15185633
      0.02947769     -0.04086768     -0.70452338     -0.70788968
      0.06671693     -0.25531197     -0.67485100      0.68915945
     -0.97749877      0.21094117     -0.21094117     -0.97749877
     -0.95731890      0.28903374     -0.28903374     -0.95731890
     -1.51011336     -1.30759466     -1.51353073
   -385.30990601   -431.97760010    -47.50556946
    699.18255615
    T
